      0/99     2.68G       3.9      3.38      3.38      10.7        15       480     0.339     0.285     0.262     0.262      2.38      1.37      1.77
      1/99     2.68G      3.15      2.55      2.38      8.07         5       480      0.35     0.427     0.372      0.35      2.29      1.19      1.15
      2/99     2.68G      3.09       2.3      2.14      7.53         9       480     0.426     0.386     0.373     0.391      2.11      1.04      1.08
      3/99     2.68G      2.94      2.15      2.01       7.1         6       448     0.415     0.465     0.438     0.422      2.01      1.02      0.99
      4/99     2.68G      2.75      2.13      1.79      6.67        10       576      0.46     0.475     0.476     0.459      1.89     0.997     0.893
      5/99     2.68G      2.64      2.07      1.66      6.38         7       320     0.461     0.543     0.502     0.481      1.84     0.969     0.839
      6/99     2.68G      2.57      2.07      1.58      6.22         3       352     0.464     0.597     0.529     0.507      1.73     0.986       0.8
      7/99     2.95G       2.5      2.04      1.49      6.03        15       544     0.401     0.554     0.501     0.449      1.95      1.01     0.898
      8/99     2.95G      2.47      2.05      1.45      5.96         5       480     0.422     0.605     0.533     0.482      1.91     0.965     0.761
      9/99     2.95G      2.41      1.99      1.37      5.76         9       576     0.481     0.671     0.584     0.548       1.9     0.972     0.694
     10/99     2.95G      2.38      1.96      1.35      5.68         6       512     0.542     0.607     0.588     0.555      1.82     0.948     0.715
     11/99     2.95G      2.34      1.99      1.26      5.59        10       608     0.482     0.634     0.583     0.528      1.81      0.95     0.648
     12/99     2.95G       2.3      1.93      1.21      5.43         7       384     0.438     0.674     0.566     0.512      1.79     0.936     0.717
     13/99     2.95G      2.29      1.95      1.21      5.46         3       448     0.499     0.648      0.59     0.551      1.77     0.951     0.657
     14/99     2.95G      2.27      1.87      1.21      5.35         5       608     0.507     0.692     0.614     0.573       1.7     0.951     0.637
     15/99     2.95G      2.24      1.89      1.18      5.31         8       384     0.505     0.671     0.609     0.561      1.71     0.932     0.631
     16/99     2.95G      2.23      1.88      1.17      5.28        10       384     0.511     0.702     0.619     0.578      1.66     0.912     0.607
     17/99     2.95G      2.21      1.93      1.16       5.3         6       352       0.5     0.721      0.65     0.572      1.64     0.922     0.596
     18/99     2.95G      2.19      1.89      1.08      5.16        15       544     0.434     0.717     0.601     0.525      1.78      0.94     0.608
     19/99     2.95G      2.17      1.91      1.06      5.14         5       480      0.48     0.699       0.6     0.556      1.75     0.946     0.604
     20/99     2.95G      2.14      1.85      1.01         5         9       576     0.463      0.71     0.616     0.549      1.71     0.963     0.611
     21/99     2.95G      2.13      1.84      1.02      4.98         6       512     0.506     0.703     0.614     0.572      1.71     0.949     0.571
     22/99     2.95G      2.12      1.86     0.969      4.95        10       608     0.482     0.677     0.607     0.548      1.74     0.924     0.641
     23/99     2.95G      2.08      1.82     0.943      4.84         7       384     0.472     0.702     0.594     0.549      1.69     0.917     0.631
     24/99     2.95G      2.08      1.84      0.95      4.87         3       448     0.489       0.7     0.628     0.562      1.64     0.928     0.606
     25/99     2.95G      2.07      1.76     0.942      4.77         5       608     0.485     0.684     0.613     0.555      1.62     0.916     0.617
     26/99     2.95G      2.07      1.79     0.955      4.81         8       608     0.458     0.699     0.624     0.545      1.64      0.93     0.638
     27/99     2.95G      2.05      1.78     0.928      4.76        10       352     0.461      0.73     0.634     0.549      1.61     0.925     0.597
