      0/99    0.849G      4.11      4.51      3.68      12.3        10       480         0         0  4.64e-05         0      3.51      1.92      2.62
      1/99     4.19G      4.11      3.56         3      10.7        10       480         0         0  6.75e-05         0       3.5      1.54      2.59
      2/99     4.19G      3.96      2.83      2.99      9.78         6       480         0         0   3.4e-05         0       3.4      1.14      2.58
      3/99     4.19G       3.7      2.44      2.98      9.12         6       448         0         0  0.000205         0      3.26      1.13      2.55
      4/99     4.19G      3.64      2.43      2.93         9         5       576         0         0  0.000622         0      3.23      1.11      2.48
      5/99     4.19G      3.54      2.46       2.9       8.9        15       320         0         0   0.00183         0      3.14      1.19      2.44
      6/99     4.19G      2.98      2.64      2.86      8.49         4       352    0.0288   0.00148    0.0129   0.00281      2.52      1.19      2.39
      7/99     4.19G      2.66      2.47      2.79      7.93         8       576    0.0696   0.00574    0.0227   0.00956      2.39      1.17      2.24
      8/99     4.19G      2.54      2.49      2.66      7.69        12       512     0.183    0.0252    0.0343    0.0355      2.29      1.19      2.09
      9/99     4.19G      2.47      2.34      2.56      7.37        10       416    0.0833    0.0228    0.0476    0.0306      2.23      1.18      1.98
     10/99     4.19G      2.42       2.4      2.43      7.24         8       416     0.116    0.0466    0.0562    0.0486      2.18      1.27      1.83
     11/99     4.19G      2.37      2.37      2.32      7.05         3       608     0.106    0.0614    0.0714    0.0595      2.17      1.21      1.73
     12/99     4.19G      2.35       2.4      2.23      6.97         7       608     0.213    0.0962    0.0932    0.0969      2.13      1.23      1.62
     13/99     4.19G      2.32      2.32      2.13      6.77         4       512     0.135     0.114     0.103     0.103      2.11      1.23      1.52
     14/99     4.19G       2.3      2.34      2.06       6.7         8       352     0.162     0.175     0.127     0.153      2.08      1.18      1.44
     15/99     4.19G      2.28      2.24      1.99      6.51        16       320     0.206     0.211     0.158     0.184      2.06      1.16      1.36
     16/99     4.19G      2.26      2.26      1.92      6.44        10       576     0.184     0.218     0.168     0.179      2.03      1.18      1.29
     17/99     4.19G      2.25       2.3       1.9      6.45         4       544     0.205     0.232     0.181     0.193      2.02       1.2      1.25
     18/99     4.19G      2.23      2.32      1.84      6.38         4       512     0.194     0.249     0.173     0.197      2.02      1.21      1.21
     19/99     4.19G      2.22      2.29      1.79      6.31        16       448     0.207      0.26     0.189      0.21         2      1.19      1.16
     20/99     4.19G       2.2      2.25      1.76      6.21        10       608     0.201     0.275     0.209     0.208      1.99      1.19      1.13
     21/99     4.19G      2.19      2.28      1.73      6.19         4       480     0.212     0.284     0.215     0.211      1.98       1.2      1.09
     22/99     4.19G      2.18      2.18       1.7      6.05        12       416     0.233     0.296     0.213     0.227      1.98      1.18      1.08
     23/99     4.19G      2.17      2.24      1.66      6.06         2       320     0.232     0.301     0.225      0.23      1.96       1.2      1.06
     24/99     4.19G      2.15      2.22      1.63      6.01         7       384     0.227     0.282     0.225     0.224      1.96      1.19      1.03
     25/99     4.19G      2.15      2.27      1.62      6.04         7       480     0.244     0.286     0.234      0.23      1.95       1.2     0.999
     26/99     4.19G      2.13      2.18       1.6      5.91         3       480     0.252     0.293     0.239     0.241      1.95      1.19     0.979
     27/99     4.19G      2.12      2.23      1.58      5.93         4       608     0.256      0.31     0.245     0.252      1.94      1.19     0.961
     28/99     4.19G      2.12      2.15      1.53       5.8         9       576     0.278     0.337     0.257     0.269      1.93      1.18     0.937
     29/99     4.19G      2.11      2.15      1.53      5.78         9       320     0.281     0.342     0.267     0.276      1.92      1.18     0.921
     30/99     4.19G       2.1      2.17      1.51      5.79         7       640      0.29     0.349     0.272     0.286      1.91      1.18     0.904
     31/99     4.19G      2.09      2.16      1.49      5.74         8       608      0.29     0.352     0.276     0.289       1.9      1.18     0.888
     32/99     4.19G      2.08      2.17      1.47      5.72         5       384      0.29     0.352      0.28     0.289      1.89      1.18      0.88
     33/99     4.19G      2.08      2.23      1.46      5.77         5       576     0.295     0.359     0.285     0.294      1.89      1.19     0.874
     34/99     4.19G      2.07      2.25      1.45      5.77        11       512     0.304      0.37     0.291     0.304      1.89      1.19     0.865
     35/99     4.19G      2.06      2.13      1.43      5.62         6       640     0.301     0.376     0.293     0.303      1.88      1.19     0.856
     36/99     4.19G      2.05       2.2      1.41      5.67        14       512     0.308     0.388     0.299      0.31      1.88      1.19     0.849
     37/99     4.19G      2.04      2.18      1.39       5.6         8       480     0.306     0.385     0.302     0.309      1.88      1.19     0.843
     38/99     4.19G      2.05      2.19       1.4      5.64         8       608     0.311     0.387     0.303     0.314      1.87      1.19     0.839
     39/99     4.19G      2.03      2.12      1.37      5.52         7       512     0.316     0.391     0.307     0.319      1.87      1.19     0.834
     40/99     4.19G      2.03      2.21      1.37      5.61        13       576     0.315     0.389     0.308     0.319      1.87      1.19      0.83
     41/99     4.19G      2.01      2.14      1.35      5.51         6       480     0.315     0.391     0.306     0.319      1.87      1.19     0.825
     42/99     4.19G      2.02      2.18      1.33      5.53         5       352      0.31     0.391     0.307     0.317      1.87      1.19     0.819
     43/99     4.19G      2.01      2.17      1.32       5.5        14       576     0.304     0.389     0.308     0.312      1.87      1.19     0.814
